3000
826 760530 1119;1052;2846;23
2176 106644 2577;2978;1241;2806
910 822423 2831
686 645679 734;2878;2340
2395 307088 854;1187;202
1407 935754 2247;1795;1555;1890
58 103838 1727;2040;2982;50
2724 774208 2299
1550 884344 953;230;2637
2065 824072 2116;2777
627 142841 2737;126;557;172;2879
1782 90928 168
1740 150596 2398;1176;1227;452
150 364170 1130;2582;1321;1542;2270
289 828705 2912;2729;2581
682 512347 931;2426
764 487774 1305;441
1985 536177 75;2665;2771
1267 318974 1857;2225
155 531606 387;69;2864;1029
1871 35762 1431;1014
2862 228228 2824;2765
1273 895050 1863;475;2533;184
933 471623 2433;1011;669;2206;2374
1653 186001 2417;550;2310;1261;2502
1939 569733 783;2518;980
2279 551772 1739
68 303853 1669;2711
687 469388 100;916;2937
2063 129156 2917;2334
2966 435143 2074
1 84198 228;2620;1419;2002;325
1158 172137 144
1965 763258 2985;861
2911 665868 1736;1293
1396 920964 442
706 804062 2588;2579
2079 160352 2250;1018
270 193615 1873
1428 466881 1353
1958 404879 2009;1683;924;2209
2884 909589 1887;815
2892 418629 809;2101
1938 479773 2320;519;1213
1946 384750 520;1344;1484;2701
2006 656159 1126;1141;391
2185 936642 1935;2268;2115;2619
121 922585 563
663 506280 960;1748;2347
2623 957578 148;943;2110
2044 348099 7;2390
1410 916252 1712
2209 588308 2714;2351;1207
2381 487343 2222;2709;1970
551 889792 950;2851
489 767720 1973;241
963 444643 2868;443;950
70 598617 2615;1307;898
1132 305765 1076;212;8;651
2716 362642 404;320;1933;2609
368 527915 725;2404;1449;2693;1956
1231 736154 1736;249;2015;1039
200 828651 1903;1140
2926 635980 2788;2606;1965
1264 304257 1648;861
488 475978 664;2869;527;1095
2034 713083 2930;1094
1193 282264 2291;2270;1375
2462 306653 2919;189;891;1492
2052 522617 2430
820 637966 2941;88;2749;1781;660
633 937717 288
1837 380707 2102;2981;2127;1852
1751 41936 1066;2000
872 209484 1765;1962;2269;1641;2803
909 536647 2584;235;2942;2904
2506 13448 1217
2776 952856 782;1786;1003;1403;1860
2294 453000 2893;137;2622;2497
190 907118 1085
2984 98169 894;2923;120
1999 421587 2643;1323;1457;2122
822 336340 28;2806;2635;1870;2417
1748 60398 2790;186
2588 758318 1015;561
1580 51190 311
2837 860111 1465
2150 92635 2852;1004;2629;1315
335 610734 1392;1035
2434 242845 2581;2436;2686;1805;2362
996 362105 2076;2920;1863
2324 562658 2130;43
1330 246555 2645;135;2696;384
283 364766 1889;2791;2826;2209
2636 967627 774;2816;1499;1302;1664
1877 933080 1080;2842;1971
2001 539465 2180;696;876;872;190
346 193839 1286
1147 353139 240;2952;1295
2016 252921 2002
2749 716460 2191;2834;1045;1983;177
718 969307 229
1015 260003 214;534;2250
1655 928941 1557;1394;633;2831;1132
801 778879 2686;1012
931 889939 408;978;2352;106;2456
1187 143400 886
2411 976452 1506;2314;1166;1954;650
1089 914584 2679;1251;257;2973
397 501367 2938;2474;1012;1067;1830
422 560032 1330;575;2087;529;1060
238 437655 588;663
834 71061 525;2443;2269
209 153916 1321;2764
1255 268603 141
379 573721 2324;2093;1060;748
1780 650608 329;1034;1869;57;2650
1390 546284 1367;485
1225 667727 2525;147
1734 686317 749;338
748 571220 1938;1505;938
2124 8981 893;2581
2200 3986 2077;1403;2473;2142;1689
1836 792058 803;208;127
2495 538665 2184
2536 304873 713;1103
1633 143390 733;3000;1165;876
1126 617654 2748;2268;26
678 639485 1349;1324;1068
629 510741 381;1446;2355;2971;484
2512 713766 669;1100;1142
2863 535553 190;2362;2614;1965;915
2364 87325 1143;1255
1772 182826 1035
2473 811460 1425;1475;2553
671 533190 463;2045;857
721 842643 2510;39
1502 936570 2460;2350
2759 433139 2271;97;1914;2544
2454 438154 2581;1452;1925
444 902378 2206;277;304;2225;2811
1234 672484 1372;2425;2001;1445
1148 118779 2018
2561 520096 2978;797;2291
2605 993803 1445;1097;225;1887;2232
567 782503 1874
1467 269417 1605
2858 100290 2545;183;775;3;1330
2761 42239 242;1158
2207 994365 1182;314;2457;1860
1977 965529 1349;2856;438
1174 959797 708
892 190074 409;2117;2945
713 366395 315;2674;1795
2517 491253 2122;2197;2154;1768;1290
1050 426947 1008;2934;2350
1690 666762 2419
1211 724142 812;2277
2431 988738 1202
1477 168 1918;1301;474;1822;2934
130 558897 2235;1365;2071;530
2120 594741 305
2692 849601 2073;1539;2427
496 643888 2010;2684;2619
2666 490036 1278;2994;1268
2312 759692 114;1963;1116;133;2553
436 224950 1390
1680 707054 975;1987;2033;858
2637 149848 2200;2158
556 840575 1648;1535;1729;1570
1588 940949 2258;936
2736 547723 1375;935
1669 5699 1586;2685
2808 441391 1714
1395 996561 2895;102
1540 596805 2847;1589;1476;96;1444
2986 293686 1849;431
2608 785268 1733;208;2439
562 791791 1549;519;1739;1607;2377
2040 811794 488;2506
2266 352790 2279;86;1134;2596
790 200207 1913;1493
1590 769977 1594;2803
285 990338 719
1164 107032 2371;527
1021 297324 584
1776 543708 1371;1778;1900;998
2306 119096 2025
165 91347 1602;2216;483;526;1984
1319 308713 1780;2022;1529
1085 415246 537;2782
579 423055 464;1811;1335;407;593
2546 355024 2293;2792;589
1292 991714 867;943;2626;618
1384 134134 1072;453
1217 974270 2991;2745
1345 676904 114;949
637 763849 764;2388;948;2311
720 284792 1939;2774;2130
2616 911589 621;137;2533
1600 145750 1358;405;2635
797 758115 670
528 452199 1971;969;2536
1327 714023 2119;2401;2829;1993
388 994003 221;1229;2209
1412 44602 1150;1078
568 527386 443;397;471;2540
1874 509900 2134
1522 201350 1232;830;1115;1673;2881
1844 172472 618;2794;2629
2906 120419 2096;2661;1545;2609
265 197821 1392;1117;2599;2353
410 220975 2226;1543;1135;409
751 474682 1406
880 30092 737;2340;309
1928 638667 1950;391;1427;2578
990 40213 1297;2537
455 986441 2325
935 425498 487
1964 883812 716
228 52233 1306;897
1212 459832 1299;646;2375;1148
2075 366038 373;1446;1040;2232;1005
1651 112075 1229;312
2996 239356 1983;761;2277
605 178786 86;873
302 324753 2951;1596;962;581
2093 485296 1650;2592;2762;1622;1129
484 943422 874;281;2221;1103
1714 683816 1836
1721 287947 2916;518;451;874
2481 608528 2010;1645;1652;1378
505 488342 2124;2387
1083 498013 1101
185 443758 901;942;2230;2741
1507 696364 2341;104
787 2919 115;863;1475;1906
926 942830 2444;2682;1205
2297 262545 1795;2447
2813 177250 1690;2795;2675;186
2090 645343 2674;1267
1101 920630 1437;2655;2062;204;2279
955 644980 472;938;1887;2574;975
1558 775285 563;157
1405 952231 361
461 432459 2336;2234
432 213230 200;657;2854
1524 805642 2131;1121
897 68749 2840
2899 741531 436;300
697 111987 916;553;849;2534
474 360261 2317;521;11;740
1236 232974 2760
39 648665 1847;2484;1545
258 383243 758;870;1539
1621 74470 1354;1006;1846;2279;1007
509 758059 2971;2264;2509;2141
1366 193715 2633;258;2118;2885
115 477934 2425;970
2042 704950 1698;927
656 641845 564;2376;491;829
2586 575149 461;1728;2179
232 1687 726;1149;160
625 433997 2422;1533
169 288906 1654;1091;2325;2199;1555
2014 269136 1535;2599
2257 607474 1187
1382 353805 1417;2816
152 251261 373;319;1274
331 462730 1491;316;2970;2036
515 532543 1754
1510 569754 2066
2627 979571 1835;2594;2380;2336;2986
173 903605 936;2514
1140 996199 1620;291;616
341 911579 198;658;2695;2167;97
1820 126798 2875;2476;472;667;94
878 325175 2061
2642 432368 1974
862 950528 628;2796;98;2384
88 986154 1950;1641;306
921 942866 922;1757;1281;2544;1261
1458 790372 789;2372;1746
2684 188889 472;1114;1905;2347
2520 735344 1370;2720;2393;658;1184
1544 54476 2585;2506
1076 684314 2728;836;375;2260
2284 125356 734;415;2797;1856
2721 354376 2867;2658;2435;1894;2085
1352 464417 1455;1512;2074;1508
1853 56968 442
2321 62461 1045
6 770537 2671;1024
2555 570687 52;676;1176
2571 917811 2604
2641 843349 62;1006;525;1755;1579
1420 128233 194
34 722807 2093
140 392597 760;181;1685;945
1601 45090 1122
1591 191072 2244
688 490316 2446;400
879 15716 1531;2142;1131
1983 53040 2258;236;2997;2673;1652
340 570141 1271;2836;2911;123;2175
1046 252800 2907;2229;2058;381
1460 519035 453;1942;2457;1310
419 770843 2794;2523
2033 388027 283;2007
1931 314475 267;2260;815;1583;2673
657 533576 1748;23;1366;1596
1188 356713 109
2475 164131 2497;497
2401 298138 2893;1576;393
615 835395 1161
1892 780022 28;519;715;1329;757
451 860326 2818
457 316027 2808;1095
2611 117013 375
13 910266 1983;1620;966
2925 53135 2703;84
2011 201880 1936;618;1986;2686
2553 566420 320;1173;667;2773;1776
929 48087 521;1042;2535;1123;1063
1860 158506 1697;1734
2747 651370 727;790
495 78687 2488;622;1229;2642;1305
2852 713910 2483
1546 371086 1746;922;1812
2142 928834 625;1811
2487 865377 1169
538 703985 1411
1701 467694 1321
2152 181056 2811;161
1899 453497 1992;2537;2534
1771 410734 876;2301;877
986 890770 2503;595;2645;42
193 550832 2727;176;1617;2876;1096
1043 258720 168;1487;2185
2947 451051 919;2403
1160 771371 2409;1937;88
2688 68497 1884
2841 125058 2182;1826;985
2373 29931 1255;2880;766;2636;1236
1762 946674 540;21;2435
2742 744427 1717;2116;2679;1028;2114
2262 644094 1304
2231 730887 924
1903 415910 450
2508 388556 2997;379
2410 829081 2022;311;2428
1947 812020 810;1157;22;2376
425 713783 2238;1396;2541;1403
1760 756851 440
262 139548 200;421;259;2186;2869
2825 453586 1319;858
1192 406784 2945
894 448054 601;1767;1728
2510 431321 2292;919;2352;2673
1379 27324 165;2537;1506;1165;2219
1350 512242 583;1421;2773
71 307295 2062;2421;238;2523
775 810575 2643;1061;631
917 293305 2239;501;1592
575 470287 860;1550;2423;2505
607 627199 1120;599
137 173911 2165
352 156552 351;1948;1980
1207 839289 1757;1170;1165
464 604755 2705;329
800 777428 313;2311
2099 137342 791;536
268 962503 2827;2719;124;1908
749 511909 1030;1056;380;1407
380 357984 1809;727;2348;1910;2937
2471 929766 2120;2405;1308
1054 263530 1183
1959 385710 1574;265;168;558
131 661659 2339
1646 130681 255;1020;2136;2207;240
958 477156 757
267 53811 1260
2371 573984 1049;162
2924 486771 2696;1014;1833
582 260139 2289;2194;703
1389 532069 1799
2589 528548 834;2818;2108;1772;975
566 353912 2495;1773
122 446785 1086
771 250870 843;2631
304 823362 1032;633;201;1016;1874
2285 664096 97
1172 672369 1927;2108;921
2096 354234 1467;1223
1804 498460 1747;1890;1065;204;236
366 642850 452
48 669211 540;1934
2214 308967 467;1884;787;613
311 18130 1806;2689;2278;2821;41
305 288721 1079;1179;926;764
735 478306 2126;1792;270
2800 535805 181;225;2347;2291;1101
654 999419 1588
1034 203299 1303;1908;2347;2923
2888 27296 981
367 161955 1376
413 642168 2496;2623
2683 958627 2297;2840
1915 204389 1514;1942
290 4132 666;130;377
1387 498928 553;1255;2078;2871;2009
204 947648 2968;2297
1850 312299 652
2302 985321 2406;2085;1547;2365
2213 320538 197
1951 6528 659;1006
1642 972743 878;2186
1489 228385 1755;2809;1522;2652;1197
2296 994658 29
2898 212009 1148;2590
1470 114480 1247;2174
2826 282868 594;1352;1247
1048 267208 1982;958;2217
2110 171554 1437
1433 834360 1454;886;2883;1379;2475
803 916760 442;2124
2115 352099 2615
1978 642395 1725;2895
1684 117240 269;923;534;112;2879
912 998726 2553
1756 333206 1509;2283;1270
2101 312322 985;1762;1015
2357 468151 2026;2935;1175
1155 875029 1400;2279;8;3000;2450
1104 39154 785;2811
2298 943760 2858;2722;2428
1537 458668 382;2754;2719;190
691 776383 1405
1897 978065 1753;2739;2750;1738;1431
31 568552 1794
2648 368294 502
571 375696 2159;474;1883
2772 812523 2081;1243;498;1456;2869
90 474029 1530;446;2654;1548
377 207127 2300;1182
1191 620527 1821
2885 407063 399;2296
36 363643 2501;1130
1120 131325 2307;1949;2347;467
1856 276011 710
182 705968 1406;316;2449;1957;1571
471 804138 1068;734;1338;1832
1162 325793 2189;2562
2592 257529 192;2616;538;397;214
1981 448343 165
1824 378479 1682;1853;2314;184
54 182683 276;1635;1288;2834
1830 828457 1878;73;870;231
497 323 2873;2019
2524 136329 704;2596;2460;1996;2671
2739 29095 2652;1576
2563 313054 345
2147 640306 2807;453;2410;1966;1193
1505 729141 1185;91;234
602 585805 2893;1117;799
1339 612099 1902;2112;2711;2871
2476 117322 821;2728;1844;2533;2212
1328 551227 1164;1322
531 431746 1867
1702 890270 1887;2324
2659 798755 1689;2085
594 990737 371;1457;2508;262
2089 229749 1277
250 973030 2254;430
511 258319 579;1729;1326;1925
2695 445692 878;2491;299
2750 165089 2993
707 862524 1055;1083
1917 770935 111;2017;2360;2516
1418 560952 1743;1595;1039;572
372 957334 516;703;2593
449 709236 1821;1631
2172 321308 389
1890 479747 2430
2053 982540 2215;1907;2852
2030 949759 1273;2932;2522;1771
1289 522595 1077;1355;856;303
677 151026 406;957;253;759;1138
2288 762854 2007;898
1052 906118 985
871 59102 284;1740
1259 931068 1158;1689
1099 227243 2693
1835 900057 2401;1177;367
2909 264013 2935;642;2232
2336 993982 1617
2470 318604 2031;197;2725
404 892710 1970;2161;1414;1060
1889 355798 772;2621;2534;2011
2960 190063 611;187;2800
1747 180635 226;2935
2840 938158 788
865 490771 2829
1293 206228 2364;93;2014;85
1852 661688 2622
2036 217798 2865;937;1958;2213
1249 398824 315;1412
2933 658596 1929;1546;14;2696;1314
251 505307 2940;892;784;816;2234
793 8791 1322;535;1081;1646;1795
2043 260829 2625;2368;2775;605
2528 72364 954;157
117 188998 1827;2183;2736;42;2096
1638 592861 46;2678
2415 446786 2211;1840;2650
470 504834 48;491
2245 100492 2016;795
2412 712831 1865;2868;1651
2542 414971 941;2940;2992
770 929328 707;1961;1472
2233 510601 4;2662
216 60163 1267;1210;109;2750;1145
2320 623128 2609;1927;725;2159
1316 444511 233;1654;2907
533 345452 2419;1838;472
2902 241919 1276;376;2971;2222;441
675 198796 2715;356
2225 438507 763
317 951733 1925;150
2979 700183 1100;573
2273 700308 2324;1113;1934
1235 337145 478;2128;2204;2153;829
2346 136937 1502;1310;1441;2705;339
440 351939 1051;2384;2629;2908;2703
2201 330865 407;1776;1125;985
1973 806410 1483
2102 775010 314
1603 367523 448;543
1988 648457 1001;2865
1683 982831 163;468;751;1709;736
398 19871 50;1097;2588;1613
2331 107356 299;1249
1280 526527 192
519 835446 1252;1969
2935 225870 2538;1117;2199;65;2338
1464 118399 1902;2670
2516 794584 2518
1469 554241 1192;2931;389;1074
818 912193 1786;2354;1393
418 175342 965;539
2917 439901 1233;405;1929;163;593
43 984647 2149;1803;2202;604;575
960 86014 2663;1069
297 596649 2602
1831 422466 1727;1749;924
733 5469 2488;2159;2384;2799
888 568063 1475;2270;996;1359;2723
1990 728646 1631
141 793648 638;1892;377
2038 656546 8
2570 26507 812;804;2047
104 994292 225;136;2328
2905 183855 1003;2711;1407;2364;422
2668 223372 2375;1271;1045
1320 13160 213;957
1587 369338 616
433 741963 2091;1070;2067;1462
966 300059 1533
969 816764 2417;1473
2139 383365 575;2227;86;707;2371
437 62663 561;2760
1146 336391 1262
426 799317 433;827
2274 794699 2941;910;1779;783;674
723 218217 242
2278 19708 582;1686
1097 316256 2925
1941 901527 137
1592 220778 1514;1481;2996;1951;2200
576 494373 53;919;881;1370;2309
2956 446547 2539
2650 764059 378;2183;2221;823;2257
672 608521 1004;2169;1203;2722;1761
2934 253973 669
2741 114483 1362;2898;2073;2346;1638
1285 331320 2835;1671;1533;2952
2104 587775 1365
1416 984919 309;1960
2354 859469 1779
1886 968907 1312;2425
217 85415 177;30
1541 679067 1243;180;2063;2124
114 256824 70;1171;2708;1028
223 357962 353;2284;95;2949
430 640215 1229;2106
1872 789629 2909;1184;2632;2108
524 978318 236;1521;335
1827 59146 2440;452;463;789
769 35119 596;1419;1041
1448 105801 861
1774 642236 370;3;633;794;1210
1157 39622 666;163;655
1023 950118 1128;1525;1880
1283 315321 648
953 181724 1071;2496;2912
333 796836 2865;612;1704;230
2438 28653 2493
774 575716 343;168
409 36626 2374;672
1746 294748 1042;2899;797;1011;2780
1040 541191 1754;2159
950 457271 1081;141;2122;2597
757 703112 2723
1519 358200 2539;2218;1109;934;668
2261 874810 1734;2285;2722;1558;2370
2717 143328 5;25;1233;455;2961
2963 761364 2734
2848 101526 2941;874;845;1233;988
19 544220 488;313;2062;557;2165
1863 36643 1240;1414;1449
703 844044 1157;924;2126;2344;31
927 536307 1957;2488;1519
1017 917478 2285;2683;2577
2210 964134 2332;2355;1294;1318
1354 378296 548;1501
1545 6150 1895;2195;819;2933
81 55211 1955
1455 423064 1503;1428;2288;2259
2644 618981 2638;2710
27 445666 2062;2413
1447 104770 1779;1128;462;1238;2124
1227 379647 1241
1582 860915 1376;905;1936;1524;1483
1971 264614 960;1247;1919;1953
77 172322 2748;162;1296;599
560 114489 1974;370
47 399842 965;2021
337 193919 884;1055;1717;2462
870 321596 2854;1325;146
1373 849217 683;2152;2129
1752 794424 189;170;127;962;2037
776 114491 883;2441;1458;216
993 57755 1163
523 801507 1597;1125;90;2703
2579 498530 2738;1597;2337;1610;2194
1284 128238 2047;1539;24;2333;2671
947 482132 59;1608;579
1244 596645 2033;2928;1166;617;433
2834 424859 2016
2634 977160 1759;385
2621 523463 2326
1190 448336 412
2643 516418 2646;835;1998;1039
1873 48468 973
2170 499983 1405;1537;984;2529
743 739901 1719;2536
913 493424 392
2276 399975 494;1805;2307;1516
2681 935130 2169;2604;2;1960;1054
1127 768610 2720;1283
2998 114804 2079
2215 736108 1183
1788 529799 1224;2687;2728;2250
1900 7302 2775;1037;1233
1953 487066 1460;1509
965 86403 1709;1558;1141;1207;2970
2464 747545 1322;2458;2888
1599 954175 2234;663
2350 69239 2866;866;476;1981
263 240358 1778;151;767;1396;732
2871 75736 1569
1206 944516 1871;1401;1790;1756
1372 701270 1132
1789 96974 1260;1940;767;2306;42
15 15743 2922;1382;2193;1838;360
2901 511547 91;1947;2315;2423
2314 440128 325;2708;1991;2298
2067 482860 844;858;643
976 909643 1988;2204;1593;522
2740 438956 2773;883
369 152070 298;1414
1223 515092 698
2950 590395 452
2818 338104 599
1673 74069 2388;944;1392;329
1529 106860 2796;2351;1166;2906;1179
1521 675058 1938;2417;674;1603;2908
681 711381 287
2072 938830 2724;2890
55 216135 846;2859;195;783
1942 368261 2629;1308;2963
120 688703 1332;1031
2468 262827 2073;769;1310;1474;1038
1718 355774 2383
1189 256274 206;2601
2987 679842 2493
1754 120934 1484;1154;2430
296 490808 1549;1476;326;862
460 143054 1397;2154;613;189;1477
2433 590559 2693;269;226;1105
1239 799160 507;1107;2570;2545;197
2662 626179 438;2969;2091;2277
1598 956539 2365;2868;1805;20
848 232645 1334;2114;937;2884;762
226 865068 304;2979
244 565570 125;1688;1716
789 892959 2133;1860
14 39501 1038;2112;2223
1527 13407 2807
608 282810 99;1225;2267
1286 343994 1437;2108;2883;301;1362
2725 272057 1014;2584;1609;1171;2635
2572 347378 1024
1200 711300 834
2620 406858 1500;612;2104;402;2006
593 460726 130;2290
2773 898094 2983;2911;890;1454
2928 115915 2070;750
1929 67056 1714;1100;619;2403
949 822276 2176;177;1408;1268
1738 168160 1572;85;2074
814 838286 897;1899;2760;1109;45
2604 199646 261
2488 171838 2137;1189;293;624
992 41806 2123;2048;1830;2908;468
1908 823324 1210;2149
459 206111 726
2333 91321 2428;2909;2495;312
1775 931868 1538;496;2596;1568;1713
1717 670273 2798;483;2333;1764;1088
1662 210963 2700;2288
1018 305934 1027;1272;2311;2763
2463 819261 1848;2585
1142 256309 1439;2011;428;902
991 488047 682;2624
2784 145224 653
1745 520207 2878;2860;2029;426;2270
788 246971 1079;2022;2284;2575;1262
967 857207 403;1740;1543;1575;1832
167 474098 775;1304;1042;1794
2078 283481 451;2273;1718
2252 209264 1673;492;407;158;2318
1681 972136 3;1434;965;2791;2840
376 694120 2906;2296;264;1195;1149
1818 889114 201;2084
2330 358618 1480
52 852705 2451;2431;2997;1120
1814 711428 1542;2164;2650
816 268905 943;1527;2723
676 420612 218;2916;828;2085
1073 211110 671;364;1792;993
1898 677809 430
747 445678 1918;140;2695;2239;1279
84 299294 1142;374;589
617 628561 1765;2284;1279
1891 871173 1163;2262;319;257
704 71913 1216;1289
2404 307135 2199;689;925
534 854494 1790;89
1492 514869 2822;1526;2299;796;229
1196 761176 76;2603;1170;2034
2383 501137 1037;838
354 46905 2384;2490;175;1064;69
2328 686608 1062;2866;240;601
2647 583916 324;2683
886 560703 1255;1811;229;602;2778
2440 833026 1070;2193;266;1824;1801
806 477185 1978;486;1540;699;2281
1202 128931 1197
2847 703190 2460;120;1181
2737 499689 1726
2056 257612 2288;2707;1070;1195;352
435 510201 1732;2397
2399 913507 203;347
1301 436563 552;739;1731;2499
1465 584816 940;449;1367
761 108689 470
2565 505231 412;685;2278;377
2938 839634 312;708
1920 193438 2737
261 324119 2108;956;947;2022;835
2937 394838 141
2301 75535 2331;866;121;67
2251 66953 1693;2697;919;1334;2973
2540 856193 1113;1243
2559 504735 122;1541
2405 545629 2352
482 155230 1535;2294;2190;2894;1182
2751 638430 1826;734;2946
2194 38206 1659;2527;396;855
1257 987816 1631;1530
1432 665609 2894;550
145 175877 560
276 442522 2450
1858 893498 1796;2308;1162
2851 701087 1752;1899;701;2917
1615 129285 2350;2288;2330;1941
80 703166 379
1010 463965 1269;1469;1539;477
2618 83824 947
1966 686430 2235;819;277;714
1053 193494 1787;2026;735;1697
2374 61365 278;2224;1076;1628;2059
2977 501093 676;1921;1586;1223;2756
730 675864 276;506;590;1085
1214 336204 41;53;1995;2057;2706
1699 227642 2057;2223;1195;227
1532 329012 1397
395 900494 446;890;2514;2588;2073
869 269236 371
142 500179 2460
2191 429204 2606
2017 144368 342
1956 695032 2641;1280;502;111
2957 643145 2413
2598 814957 2318;2006;2084
946 69587 1442;2715;2233
373 759777 273;1785;2900
2696 730596 1481
123 154760 251
2795 796131 183
1270 757313 1355;476;1959
2385 696075 2671;2915;780;1882
1323 111180 606;2726
2978 100895 802;2333;537
1825 333006 6;2230
1548 736344 1947;1265;547;2847;1113
2587 311362 2113;74
1995 257976 2442;102;442;443
1473 162149 1184;433;1945
2879 966557 202;1001;1245;717;882
237 454796 2903;213;2354;1304;2055
1869 877709 2741;1877;1365;563;1007
565 429395 2533;2060;1073;2301;2142
2217 738692 2515
2988 648213 17;2526;1729;2034;1559
1802 5468 2342
756 39195 1624;2257;2903;1271
487 862491 908;553;1248
287 541798 99;940
695 934020 619;868;690;1858
1937 72979 1982;2050
1799 67109 1787;699;377
2953 185146 1305
2919 486955 1166;2197;995
1092 664398 569;1444;2822
2535 706037 1530;157;9;327;200
938 705719 721;148;597
1065 74741 1278;2457
2702 803595 2171;506;2426
2232 610027 1893;2775
2678 338326 1840;48;1460;773;2105
2811 633401 1068;1608;1743
1583 931434 60;2757;382
1452 299597 1383;573;1303
973 625826 2679;559
2639 892356 2821;1943;220
1349 691023 2170;198;599;2724
883 241640 1050;948;849;2215;1370
1370 238309 1739;1971;563
170 172246 2060;1507;1481;2386
2329 337324 2455;2487
227 93293 2218
288 364876 1951;1721;2303;258
2645 53268 316
634 996388 143;1793;2811;2974;791
716 966266 783;145;1648;506
2771 173848 1803;1076;1432
2707 99119 1503;1758;588
481 165559 1329;1078;1272;2058;1821
2002 477206 2117;101;132
442 302692 2553;1829
2379 97310 2863
2780 679178 1551
2022 976676 1664;2219;1927;2878;133
2509 672512 2262;976;2498;1704;1010
2394 534669 1143;1416
2429 284443 2011;469;783;2201;2432
2653 293457 818;2691;152
1291 242596 268;627;1702;2982;667
527 577667 295
1610 570600 2378;1589
2499 32840 756;2757;2171;1477;516
298 810271 2973
1250 129448 218;2004;2591;51
1028 172629 2399;232;476;2963
1385 677094 300;264
308 592510 353;2740
1549 851630 2988;1814;1657;420
1298 164885 432;2544;910;2617
1769 484399 891
1919 350922 320
1970 59968 1136;2530;740
2413 856107 434;1951
159 554906 304;1379;2363;2254
944 637518 274;2229;504;849
1108 667422 2933;1816;1879;2101;1334
570 896024 2303;1871
1232 309210 605;435;1684
649 993212 2408;1997;483
864 753115 1856;1914;2265;2444
2562 707435 1158;1933;2024
358 712670 669;2634;2271;2560;1751
2442 375392 1767;1089;869
161 728107 578;2079;1432;863
2186 839621 2588;2492
710 705504 2466;1406;1362
2025 592462 2450;979;1235;389
1870 814605 1991;905;1693
2316 970125 642;1026
2344 216751 199;2168;1461;1984;600
2543 814410 1516;855;2143;763;1482
2760 968534 1019;1423
2701 38551 1344
462 12831 2272;1142;2628;14;1461
49 405566 1102;2148;765;261;1259
1520 257903 2394;1512;2944
1882 37545 811;1810
98 392011 755;507
2205 664106 2764
2812 542146 1787;444
858 33719 74
1363 717483 2312;2196;942
2460 390296 54
952 735562 1230;832;2876
11 53641 1614
1216 288731 1426;1156;1880;100;265
188 170143 1187;189
502 427781 1937
554 166067 430;170;658;1056
2211 840934 582;1201;44;1573;2897
1156 962815 2079;471;1721;800;2832
2378 668540 400
2578 968024 811
1851 404106 1308;1373;1343;1275
1576 411162 879;1308;2036;1938
85 387330 82;2121;1623
2127 549881 871;1907;2194;2090
2615 46312 1190;1689;329;617
332 347801 1896;2612
2629 525547 1582;886;1291;1233
2219 457924 1994;2110
1129 675182 258
810 500867 2327;2545;194
162 354760 479;2368
2360 285171 1739;2905;1492;2127;1962
2451 70114 1377;395;153;961;1222
2654 503664 874;273;80;806;1985
2122 4753 1332
1794 319743 2028;1542;2322;1452;310
1474 993339 1644;2973;818
2511 909558 295;2200
2290 932451 1787;1209;1773;967;284
1693 840717 1392
876 662141 405
467 236220 708;87;1210
2764 457412 1465;2279;1993
740 307325 2057;2838;194;921;1806
321 712918 700;2553;2571
1927 819203 2089;411;828;2195
559 521389 2770;2110;594;462
2054 240019 2503;2494;1768
1205 215754 2523
1042 423737 1205;804;2010;1503
780 239297 1614;595;2690;2101;2499
1808 514009 1102;1242;2216;2896;236
1950 166867 502;978
1930 988196 2425;2234;1941;2585;633
549 691503 2371
1001 676159 2134;1550;2026
2103 935423 1987;1094;367
2777 322484 2952;1410;389;1422;1403
2121 520651 1218;1971
362 422343 160;1623;2007;1057
252 507425 2731
2541 715308 383;2139;1035;1843
233 54448 2166;592;2829;217;1774
1753 673075 312;1213
2366 938052 901;925;258
2538 240714 692;2070;2685
2456 469619 2050;459;848
2062 804892 2802
2992 403648 2527;1884;1240
1074 755600 564
2564 607199 1998;2963;1456
962 84827 2739;38;1635
1399 468566 632
103 923725 2058
2275 139058 1468;2193;371;764;1569
1091 25241 450;2294;1313;866;2343
2492 932724 2914;1192;2160;1070
2179 703732 2296;1940;2546
28 766923 1255
2343 506103 668
2870 14327 1846;2110;2636;1273;1128
2806 794679 2582;1980;1803
1364 550296 2874;1030;2477;1761
2872 515267 545;739
2513 549784 851;2842;120;662;667
873 282079 2965;2338;2206;2288;2604
1864 369070 533
662 74175 2070;2212;1792;928
1935 389294 2959
1266 43131 841;162;1979;2072;1016
2632 572781 207;151;2250;1299
648 973860 1448;774
1179 522159 2019;1355;955
2347 978780 82
599 270045 1693;2798
972 532043 1855;1646;2288;2556
1159 699403 117;2324;934
2948 684711 2065;1998;427;1952;2191
2478 234708 1638;428;328
1905 359170 2434
2073 109367 71;683;738
941 499979 2641;1400;2539
914 508113 867;2780
1287 622578 2750;1518
1210 813316 463;860;2894;1167;2651
1497 13388 1370
2004 16534 1166;1179
2698 484801 2685;720;608;1256;2673
1785 993253 2163;2346;2245;1085;1947
2868 92291 1134
1360 384072 1259;1756
2227 777777 983;2823;872;1836
1051 828202 446;38;2201;835;1954
224 747204 2197
1918 870659 150;2826;549
1128 187894 2316;75;2032;1248
2718 973418 2866;1712;1848
10 964880 2133;114
589 962971 2660;984;767
2973 474363 676
2277 727566 890;1394;1060;2847
1131 517132 2759
2494 170598 1149
660 384907 2433
102 616780 1731;181;1792
1016 963461 322;216;1067;2016
2743 535306 972;2633;2429
79 962331 1835
2990 55090 2115;287
356 11165 2795;103;1773;2833;455
1533 682460 1675;150;2776;1960;1542
2246 379202 1900;1338;2887
408 137034 2402;713;2901;2099;1766
2365 814848 2647
2491 576312 307;1692;52;1922;727
2603 839935 1995;720
572 641400 137;1565;2233;2449;2261
2145 839917 619;356;2699;2410
293 670007 1963;1177
2146 373687 1308;2342;2155
2229 546518 1500;1923
1114 236857 1446;2155
1176 624955 1140
2502 277816 110;2203;2501;774
2877 240955 204
2686 186300 2064;1229
778 838165 2410;2273;2340;2842
1620 106033 944;2502
1138 474110 2625;1883
1728 974888 2260;946;1257;38;822
1976 833183 864;1892;206;2062
2082 404171 2218;518
592 820181 411;740;293;2942;35
2161 998456 633;913;2995
215 824951 276;184;2823;385;1560
2212 42999 1570
1725 293474 1091
1875 379816 1868
2849 876173 684;1475;126;1067;1637
2991 540283 2683;1141;1830;1507
1033 595319 715;1948;10;341
198 993825 1787;2223;464;2284
635 548367 1290;2990;728;2657
2959 350706 3000;1941;2469
896 682947 2090
2768 673100 1791;1189;2326;2222;2265
1689 283824 1362
2447 469835 1100;2650
2758 734328 131
1087 49585 2161;2321
2631 934137 2137;2075
1334 448184 93;1953;2459;2892;148
700 876794 2725
2010 601325 1716;1068
280 92481 87;109
477 932191 2232;60;905;1674
2855 232220 2395;1745
2039 685779 920;1064;452;2165
197 450037 2882;1111
1730 425068 2172;1262;2564;1525
1107 925365 2252;432;587
513 157958 798
454 781132 1648;1304
1288 986770 1982;2428
2573 128350 687;2810
2136 175858 655;328;1493;1790
12 230811 1531;2743;2333;1662
2680 870681 2335
578 909682 2708;1178;2113
1786 727306 2820;1181;2829;1436
2325 386066 603;616;472;1415;2149
1006 347715 2896;1324;2825
1813 349453 692;1016;1169
805 570041 1775
1961 406249 1074;694;329
2765 501074 1794;182
443 931835 2330;2331;973
2340 118605 331;1006;601
1358 967234 103;356;935
590 256903 708
2982 210437 1551;1743;2940;905
741 376563 498;2537;2713
1117 35635 2949;2357;2314;100;1514
1171 170892 214
2534 813261 2837;1291;2935;1206;1357
693 611451 1759
832 109880 2315
2400 26347 2462;926;1769
135 906752 2798;2266
255 116275 67
328 190832 2908;368;1193
2715 398028 2289;1753;2453;1879
1435 216650 40;2352;1657
2791 154148 2383;2951
1619 55324 2197;1925;1561;2745
9 923417 421;62;2584
2168 825498 467;2903;581
2607 449696 2130;197;220;1250
2624 824950 1820;605;2315
1173 325686 2926;201;1531;1989;2662
2824 241213 2490;2564;2335;1513
970 534376 2560;246;2567
1536 309341 2665
901 573405 1101;2147;2983;2813;408
2326 492863 1458;2024
1986 284106 153
2807 13411 931;516;2878
680 803324 163;403
1106 21249 2453;49;1447;2143;1599
1115 545355 120;2912;734;82
2864 370729 829;2771
196 795026 1239;1815;2479;942;1024
919 246248 1337
146 666245 569;1186;376;879;2631
1513 451693 2654;249;53
1392 528661 385;1207;1020
712 188899 1992
650 324873 2636;1032;325;2069
2183 91532 2002;2519;551;933
2479 402856 359;2792;889;1437
16 252937 1035;1615;522;507
483 993082 2803;288
731 464055 2766;505
375 743734 2350;1695;1241
2617 211551 676
1784 659910 225;2340;572;959
2242 149266 1473
616 934691 893;1697;1074;2172;2066
2457 686901 380;1501;124;978;2643
2484 939518 1940
431 777281 326;2679;2297
2237 459144 2833;1242;1910;905;1911
1167 654222 195;2511;1373
2732 784642 2635;1785;827;559;621
2910 558546 1144
1496 17513 2586;1633;2589;2380;2004
1282 647617 2169
1037 111866 1424;1027;1263
1539 784185 2756;854;1425;2902;949
2469 629984 2538
2119 486282 575;635;714;2624
642 582535 1820
621 102305 2554;2714;2300;2927;2993
646 615000 411;270
2375 38391 1152;2428;505
839 388377 2242;2386;1341;1480
1252 755524 222
2790 650354 2252;2330;1649;832
1198 589572 1076;2788;2311;1070
2730 484743 2800
1044 837161 87
2525 681603 371;1968;605
1356 780907 755
210 158081 2078;1230;2200
1166 49452 1527;2911;1848;245;170
2531 872903 1722;2135;546;1594;2031
2362 603647 211
299 844753 1547;1521;1764;2233;2925
979 543549 2372
1710 333774 2498;1746;780;1335;1901
1758 356655 839;2746;2478;1807
1068 763004 843;582
1652 634936 2571;1731;2024;2539
2985 255859 2308;1591
836 311853 1586;434;2274;584;325
113 426018 1813;1621;293;411;2718
2558 679412 440;92;2230;2914
1414 589733 1184
2801 576534 2419;357
553 276692 1114
50 561635 1491
2327 463618 728
2264 648468 37;524
1438 906531 749;2431;679;2646;2129
1924 353117 29;1736;1431;2842;1636
884 185226 1922;679;2006;276
1865 28061 1907;368
859 191931 1580
529 40814 44;2135;404;1747;548
1443 436450 2113;1452;2985
1624 74775 315;2698
2670 166059 330
518 484977 2066;424;664
383 154641 759
2980 923418 2099;2489;1865
1495 327688 2151;737
95 748143 1886;1338
1317 685265 1338
2317 677327 2491;878
2315 601886 31;2165;2931
29 884378 1586;592
2409 515864 187
1989 343709 2770;2425;2096
184 687593 543;2682
2548 697570 2160;1363;2421;2143;658
318 523027 1425;2349
177 609189 146;2672;367
1303 327620 2087
1011 286857 569
2199 564505 2117
110 966398 667;1112;2077;1294
726 616802 140;1402;2873;2063
739 368041 1541;334
1696 326552 1910;1011
1276 5481 1242;1009;1679
2407 856036 1007;204;1499
2389 54762 1750;1330;189;1185
2766 149177 2681;2154;2037
2932 649673 1988;2138
755 202041 361;2992;2488
2420 672769 2622;773;1055;1362;1278
1419 62072 1042;403;1532
1656 985401 1350;377;602;2899;901
1926 389272 1299
2402 63286 84
2865 691852 2319;1020
1636 977069 2184;1287;654;1938;1139
1184 678015 1288;159
510 233412 678;480
545 165270 96;322;162;1311
1030 426211 1265
2577 546130 856;117;2824;2337;2838
1081 437257 409;1947;1534
2867 898878 1071;770;2980;175
1602 657350 1417;591;1851;1784
1500 639505 2670;1530;1058;1968;722
87 940404 127
2974 926307 2194;2504;684;803;1075
1606 134133 1883
214 945305 268;2734;1154;2394;2664
490 545157 1263
266 528693 2807;345;696
2532 265215 1909
702 408882 990;2679;656
824 376528 149;2042
2779 69859 2997;1355
1787 25037 1411;2123
1613 271862 381;1054;163;1947
613 49682 909;793;82;2173
694 252883 2016;2393;2833;1766
808 764139 257;844
1755 406001 2783;1970;2379;945
319 882630 376;693;110;1841;563
506 520906 2878
1904 743556 663
1955 178169 252;386;2863;2264
1888 261874 1163;2587;2475;2599
1911 43653 2230
1705 913187 2018;589
1934 573978 1423;1761;2318;611
1663 594263 1803;2223;2713;1900
360 928785 281;2103;671;1265;2854
799 591760 2840;1013;2804;2556;1612
2584 761351 2845
1949 637663 2868;491;1037
628 427996 1309;1130
2522 323412 1291;234;596;94;2697
163 544562 115;2707
1112 839639 1923;2877
447 230713 2720;683;656;2858
631 389148 2899;1358;13
1867 88015 1512;188;2395;2546
2132 222197 1231;243;209;2225;2845
330 837639 2065;1730;1939;334
2311 958867 333
1560 251635 926;1122;1491
922 58185 638
229 378538 658
2703 924668 2351;81;1512;2062;114
975 391438 2998;769;1023;2333
1643 361311 2954;174;1644
2728 748993 2604;2116
2341 75468 671;2618;2800;1478
148 982390 714;2821;1276;2639
1055 59318 2169;2529;2504;2683;2865
2930 408354 1900;513;1036
692 717682 1867;2009
1306 588748 968;617
166 811657 2510;1621;79;1095;1788
670 395452 2998
2836 687759 1408;376;103;654
365 937654 583;838;2669;567
1963 89151 2954;1140;2696
1331 943319 2725;1783;37;1338
220 649968 1781
1732 685230 1440;730;2346
4 120748 502
1437 891767 1258;403;2339
2746 60630 2113;1975
2239 912197 1159;386
2498 563690 1024;368
1660 132264 681;466;2953;1018;2766
2989 5467 1289;2500
1468 71372 1378;588;1430;64;2820
558 60596 1219;1020;343
2105 359751 1138;1985
1694 274360 237
322 234104 2815;1346;2552;621;2817
2436 640533 1668
309 956544 2385;508;2389;1433
1677 992874 93;279;578;1724
2195 299422 2631;2682;1063
821 52565 15
1839 388435 1031;1679;1120
2530 728917 2757
243 408617 1675
971 987195 1336;1400;2936;1513;863
2793 534154 1864
2939 201251 28;75;371
1933 578627 478;502;2947;250;2381
2549 842329 993;1348
752 585282 2369;2029
874 496745 2149
2547 723323 341;905;2433;1005;694
2445 351256 1503;2315;1935
2591 567270 1569;2033;1943;2271;1325
97 530310 191;588;2195;2868;2800
846 588212 383;1582;2016;3;2010
1812 596577 2691;2388
1815 110684 2434;2890;2484;2530;1225
1625 576865 2981;14;550;2795
2835 93743 2413;464;473
1960 941213 1059;2911;253;1393;1376
1078 114703 410;256;2687
1893 459973 1331;1635;2512;997
2614 308226 909;48;1370
1823 597638 2394;2747;2486;1423;2159
2077 846086 1782;2715;2242;872
174 522339 1127;2454;1052;850;466
1556 862417 2636;2334;650;2329;2975
1611 165060 265;358;885;1517
623 340935 2500
2554 942560 751;681;1678;1425
2829 468638 209
2398 500722 741
1121 217253 385;1833;363;279;694
981 174259 611
1304 369405 2867;1922;2009
2869 80888 1352;1386;2197;1194;2820
2943 824957 2694;276
2656 78882 2247;410;1215;253;235
1221 891237 2114;2880;2061;1248;1107
2293 639017 2884;347;798;1098;1563
1967 465092 1933;1588;602;1182
1098 624291 2149;1346;558;1885
2505 232270 917;807;1003
361 948379 2750;2148;835;32;1334
2503 449673 2388;339
2092 880118 65;1205;110;993
2778 442256 503;2887;1760;1157;2829
2160 572791 75;2616;1528;88;405
1679 783340 2144
1670 473516 229;2098;2170;2515;2482
2197 366236 1567;131;1804;2828;1246
2377 692572 1855;1127;2708;2058
1113 350183 2355
2676 279556 1826;2240;2479;2026;1659
1854 844 295;1033
1253 569203 2891
1311 176886 836;1268;15;756;1508
918 383113 1966
349 498723 1761;623;913;2141;475
278 596487 1249;2217;1015
2189 427998 1868;2654;1005;2299;2251
618 175289 2310;2900
411 593568 2204
2995 604030 1719
2313 675157 1568;1071;2530;2262;1506
1720 681437 2654;2882;2042;1066
1224 277357 647;996;2999;2203;2453
1768 927530 51;1514;79;2694;113
2720 210603 2831;543;2762;1207;2829
2134 314453 29;189;1868;2770
813 754298 1702;2876
537 178546 1081;558;702
849 681307 1451;1061
802 861245 380;2733;940;2106
1698 657537 276
982 596274 2279;940;2795;2817
347 713756 416;1393;2420;2385;2463
1367 288404 1312;38;2599;79;2142
1426 131511 1659;1717;2663
1168 720567 295;2685;618
851 652954 1808;1310;767;1324;2301
2113 144926 2897
2057 651371 1865;2926;116;2660;1244
466 536033 535;1783
1968 604716 2446;1105;2624;292
867 924567 2829;2797;1984
1446 146753 2804;832;313;856
1907 115227 2071;1800
779 556760 1759;2391;2813;2937;1403
2767 498281 2865
655 412029 1916;1206
1141 657531 1006;1441;2494;2148;2046
2874 943246 2256;701;1610;1140
1742 620590 2336;200
1585 840813 584;2743
2789 258432 143
2769 531068 2585
363 680655 2765;2882;2983;2916;921
1153 897722 606;1038;1176
2419 959335 1941
574 918190 2698;2554
154 972592 2128;1715;1956;280
997 423591 230
2891 192143 243;188;931;2662;452
2802 464746 704
1957 821045 1402;1260;350;2194;2419
2875 413871 1832;270;2792
300 681893 1604;2885;1236;433
72 191134 1390
1940 235049 2092;849;577;1775;1437
129 686531 1869;2253;846;2941
116 745378 1601;1028
1471 993189 1515;1450;441
536 56887 2074
2594 750801 2549;1833;2102;1081;2616
2390 936936 2474;701;1795;359;385
811 310314 453
1770 566054 212;1863;1099
2192 702577 109;585;483;1253
1058 268470 915;2155;2888
53 21307 1063;1712;1733;519
1811 986227 2668
2031 485309 1708;1143
2256 173488 1552;2208;2967;2
348 596115 67;1481
1896 233888 2398;1547
2609 511903 2889;1312;464;1258;1934
1031 75282 2572
2944 726506 240;2206;658;136;1564
382 320472 2874;648
1277 633995 214;1862;1056;2322;112
2421 835429 846;2093;1286
1993 570559 1234;2730;659;1832;2019
1278 581510 842;1750;974;2885;1621
1570 256753 1781;1847;2426;2822;2343
2203 431311 1013;2780
2334 139262 1601;45;1668
1921 206864 2864;1618;2550
2309 684105 2594;1169;2129;1004;646
1080 563418 1867;1233
2796 104533 1883
2216 616730 1336;1408
1431 336611 1263
24 23419 1072;1613;1025;1877;1320
995 306109 2883;1573;2022
357 735209 1150;2660;2046;2889;1653
2308 679525 2025;895;1273
2545 770967 1506;531
943 824088 1922;140;2219
1715 623345 1696
324 428516 1977;203;1735;1425
1295 478141 1289;2458;524;407;1231
2441 475792 894;976
1801 221704 1907
1424 5446 914;2205
857 436516 897;855;2278;2131;1678
555 377780 2134;1050;1591
445 805572 692;1265;658;2616;2788
1884 185470 2109;2212
2228 611519 567;2565;50
1743 215737 1031;18;2842;2177
1487 574752 1417
1222 982227 2642;2972
402 880994 398;2553
659 616524 610
1618 705602 1953;281;410;389;1923
1845 835158 1395;1636;891;2624
2019 809831 1261;1107
709 529562 2110;1858;2554;805
175 310741 313;1573;569
1503 455977 2652;861;1918;2122
2757 948559 2532;1051;638
342 207482 2301;2156
1102 310419 865;1007;2909;2884;1353
828 539080 1034;1003;64
1727 557421 2074
343 552105 502;1298;1444;1411
543 695197 827
2663 729584 162;1305
2822 926927 1590;2947
1757 373716 256;1722;1406
2606 907458 367;638;2436
573 4918 1412;557
1488 791014 1770
105 76597 782
1654 353991 1164
2672 462531 2346;1861;1061
2396 1888 143
945 330450 1386;2236;2640
391 124251 2288;1272;82
2612 412528 358;2373;2461;1968
2556 853919 2456;2341
1741 755943 1893;1300;1665;1659;2493
1203 341888 1428
1082 60808 573;832;2550;1263
1324 902160 91;2641;226;802
833 357152 736;2233;2632;2580
1180 609877 2655
840 684099 2738
2007 941290 2617;2888
320 810009 775;2472
310 886887 2955;594;2259;2787
2021 787087 714;793;2581;589
2504 522980 1918;1745;1424;16
881 444330 2048;1717
157 307481 2209;392;939
2087 589365 1271
316 849393 2685;1706
180 363525 199;827;270;2878;2239
1491 342545 2622;223
2091 940567 1620;2341
2794 525258 1848;160;2077
643 981797 1887;2814;959;133
168 327399 1860;2059;2978
2552 107404 2333;2222
842 486295 1440;1844
1511 850176 2448;1926;2926;2481;464
1616 378395 1543
57 212240 246;2713;209;45
596 969842 11;243;210
1982 530646 459;2901;1400
564 907051 1843;2966
2962 188000 1846;1333;1130;2706;2448
2819 937570 415;1797
1454 694084 902;2237;1338;235;2095
66 70042 1966;833
1657 823991 926;2763;205
2008 708638 1553;1788;2499
1025 967919 2391
89 142521 767;1533;409
2450 543581 1385;2774;2714;2602;2916
2774 165579 1177;1703;2497;2246;1766
2523 765539 1980
1116 512757 1841;2919;355;1060
1008 838347 2834
2267 908290 2592;2965
2202 202159 1;1082;262;1802;640
33 297019 277;1593
1466 574952 2877;1453;340
1337 849879 2275;2629;1568;2608
194 658182 1706;2312;400
665 607703 2817;1757
1722 520269 1703
8 237582 1457;249
587 476658 2449;1058
923 214052 1853;333;722;1656;1444
2071 665606 1030;1401
504 345200 2994;1989;1027;1614;125
2178 41925 861;981;1840;853;1097
2349 135213 2751;872;386;1781
219 124014 903;1701;2060;2134;65
746 652480 2907;1021
1685 37169 1870;829;752;349;2982
326 237649 2581;1052;2130
1822 254837 817;528
2439 696561 1041;1530;2694;1947;2736
1829 865006 72;470;2219;1583
1972 516533 798;2374;498
2435 271746 976
825 602648 1599;927;2449;1181
1572 263236 439;446;1517;1258
668 411562 2038;444
1401 752235 2858;825;2731;584;2367
1077 147626 2669;1158;269;2546
1807 198300 1966;1110;1707;1664;121
1150 712200 1258;1500
1096 365537 163;2555;2385;235;1388
1744 658479 2746
1296 175915 50;2520;1958;2311
2131 453561 2748;1259;386;523;2163
1181 107978 1773;1334;1041
1692 984047 1242;1084
708 985797 2302;2685;1104
1362 708747 1708;1845;1764
2763 461003 125;2974;1978;913;2512
1245 343229 1209;1492
2748 330125 1195;1462;1962;2768
2952 228422 818
1711 556866 665;996;2642
415 252216 847;199
405 659770 2143
2816 989387 2053;1006;1466;1858
1675 253894 332;2627;1855
1002 107531 160;1293;14
275 500672 1855;808
754 105650 565;848
760 490961 629;744;2895
2815 717913 2154
782 12668 2176
1562 145667 292;1613;1745
1723 722847 2871;1457;847;2955;2676
1805 873397 1110;2804;1170;1475;549
2223 456175 452;2895
1749 467083 983;2846
1632 99965 471;580;927
2856 390078 802
2240 343549 865;587
2827 883953 1493;2017;734;187;2507
2143 439326 1367;802;2369;27
1135 157470 1085;1938;2240;2911
1109 934689 2722;2632
412 672757 2110;1272;663
1056 665599 1440;2214;1042;416;1139
674 899007 1092;2930
151 148143 648
1796 585147 1970;1071;2735;718
76 356656 1367;1099;1860;1929
1876 208594 503;2724;1602
407 987295 290;2914;1369;1068
2838 116840 477;180;1285;1186;2691
1712 937661 931;1962;898;2179
1461 361136 2116
1779 263413 831;358;1983;2658
62 911312 2958
2137 567758 427;339
2032 562340 792;533;2317;238;2491
1523 711048 2339;1394
1177 279407 441;641;1086
17 669376 2982
2843 460175 249;2816;2846
2945 192509 275;2181
313 209058 2520;82;570;422;930
164 308354 519
1996 776440 2059;833
798 98986 1371;2572
2965 934968 1294;2523
2299 189224 1034;2013
1791 144188 2937;734;1445
2117 568013 2407
2188 608095 1673;1219
143 956737 1249;900;574
1506 35255 2676;2745;577
925 167046 2708;2749
988 821710 2071;631;2287;2050
1338 133923 1918;2765;1516;214
1806 751153 40;481;2203
1094 816725 1142;922;1239;1043
2363 881418 2821
542 233864 1221
2422 99198 277;1875;259
1439 276524 2876;1954
2159 802411 2789;966;994
96 129636 2035;321;1872;1248
2013 857272 2344
35 814439 2553
1242 605338 2781;2491;2219
535 468203 569;605
2640 853522 2279;2113;1823;1351
2567 646039 1406
932 318910 1705;1901;1388;2785;2799
1118 746894 1205
2733 532453 1646;618;407;1857
1093 896737 1295;920;2190
434 496904 1474
2397 386684 1919;1565;1069
2501 14045 651
118 226349 1746
2425 488698 894;1579;959;5
1481 166609 214;448
792 997205 288;2766;2874
1186 460785 1986;2351;2037;1978;1251
2035 988473 1372;2401;2746;1084
640 933038 2577;1597;1;1041;284
1374 210771 874
2367 257541 293;813;597;2056;422
2785 521596 1232;378;998;315
108 669985 1355
1391 129505 1814;554;1837;842
1404 770781 717;551;2427;2149
2908 429277 1815;1225;2861;378;1217
2882 281301 2074
620 349117 2602
1229 449662 381;493
2068 728919 84;460;2379;1854;2160
1314 875910 1226;2556
877 882210 2672;2201;1540;2278;1750
73 133943 711;156;2594
1916 940654 2901;2424
940 644787 2832;250;589;1850
610 593878 1836;1376;2339;1023
26 387439 180;903;2943;764;1045
1666 462491 346;1453
355 162974 1767
2163 22989 1644;1764;1040;930
2583 536580 557;2824
2625 682369 169
1411 141649 2158;1109;1144
767 912964 211
2652 153963 260;2319;949;1341;642
768 700016 2199;2427;1547;637;2076
1612 423682 353;1763;1785
795 40200 1429;1497;1133;1674;1002
1490 515474 745;832;472;986
1451 660272 2270;203;939;2901;2420
1821 568764 1717;1774;610
2084 602344 998;710;2214;122
2711 267674 2399;2867;1172;54;327
1226 425149 2335;2041;991;855
2881 425283 1568
2144 43208 2922;1197
128 87332 1438;1970;530
622 468338 870;1220;592;980
520 652038 863;2718
728 389779 271;1933;528;1355;1206
915 671197 1622;2920
1493 451782 1117;2991;2512;61;1626
689 918871 1153;73
1658 48789 2082
1766 489926 2691;1953;535
2392 446222 895
1119 566157 2919;699;1717;57
2424 524323 68;986
2496 792512 2363;1146
503 550724 263;258
2108 711009 1472;638;1789;225
1631 975697 173;1171;2507;1833;927
684 523253 1390;2476;1719;1842;2048
1136 105714 1203;1942;1880
1736 75930 2007;994;703;206
2355 533529 2541;378
1462 19915 2748;294;2497;2054
781 108864 1540
499 925147 2212
1948 793610 510;1456;602;2418;2155
2430 617134 2467;2691;2843;2086
2248 296254 2503;1416
1335 10680 2392;2936;2804;2676;378
1144 287750 934
2339 893599 630;2173
2916 212560 2200;1427
1498 395764 1112;2739;2058;2346
1534 944346 2343;2222;2952;547;882
1024 647206 2319;1142;242
1479 354293 794;1616;1003;819;105
2126 924130 106;292
2782 97161 150;1982;2070;1164;1012
2770 716543 1412
2845 293013 1150;585;1761;684;444
1271 565349 826;2519;2847
2046 668265 418;1864;2442
2167 953815 1030;1838
125 406224 2496;2925
690 950549 697;859;1314
2318 51100 114;1503
626 844862 1306;1395;2777
2903 175826 1450;29;1134;589;2902
2912 782075 2310;185;1655;1908
1175 398110 2560;2946;34
1019 844192 1118;1544;1513
473 700496 212;442
2719 952784 341
1103 875554 624
2250 556079 2185
2307 713524 2802;1313;1198;170;1682
1992 228280 1523;671
544 112159 1733;503;329;418;1227
2166 733554 191;168;2682;2323;1457
2391 522723 34;144
2265 671392 1269;1359;131;246;1087
1472 335424 2630;2544
841 299525 2590;64;2796;1724
2613 104775 1623;1161
1340 808531 2642;83;2520;2728;2376
2020 254336 2536;1457;1794;2544;718
279 936748 959;2189;627;311;2878
2345 372232 2193;1452;325;2629
1014 165624 1853;2321;1985;1352;2389
1559 759768 244
1329 207243 2263
2745 493451 1303;2742;2691;2013
2455 92573 117;2935
2493 363789 2743;739;1953;885
1406 185458 1808;1712;1409;2888
1062 449371 2123;1471;1899;2606
738 658391 2461;1324;1066
645 61722 384
2490 223652 1195;1530;649;2377
202 133068 1926;521;1469
830 823952 1498
2138 694399 987;2958
1686 261727 2486;2537;2415
344 773705 1818
1514 569075 1880;365
2255 896057 2103;1604;1160;2648
475 943485 1247;2768;1157;1123;2712
1509 270577 860;1999
2981 706787 1370;2317;1323;778;760
916 21822 728;1593;2254;2715;2887
2976 661622 2728;1446;1340;2023
1630 353193 2898;2848
854 646246 2488;741;770;1596
2452 854722 2474;1118;2006;2956;1112
1413 404364 2785;1558;2617;409;2951
158 171801 958;1243;2735
1547 909806 2035;2971;1706;1243
2929 145924 2663;917
1063 486146 1287;2486
2854 578140 1002
1578 392255 1992;1344;422;2542
2694 460151 2109
2088 85626 1497;713;2688
1975 410136 2841;1084;190;542;2964
2731 994328 1339;2816
336 446583 885;268;2988;2029
1084 866175 2541;1873;1620
2303 392743 1083;1893;815;1234;1145
1525 928797 569;2184;1513;1388
2427 917548 1961;221;950
56 261634 2912;2076;904;478
2114 240760 463;1253;860;2196
1027 642483 1015
1857 120578 1962;1949;2877;761;760
2569 307195 2414
32 72814 1077;2910
2076 967720 724;1018;2604;10
1445 604 1959
1596 520604 2169;2853
2208 907359 244;574;1274;528
722 763805 888
853 820008 263;2597;1501;1593
863 162553 1068
1998 815592 1530;557
147 830865 2381;1517
399 196357 688;906;2863;473
1365 542648 2951;1976;1407
903 244328 1850;440
2080 495303 2505;2119;1115;1492
1307 275159 137;1810
546 653599 1050;666;1570;331
1494 844759 2980;2427
1199 924632 2594
1650 302345 2249
964 932079 2411
2878 599837 1708;869
2814 242698 104;451;251;284
561 374858 973
201 626573 411
1248 664400 2402;504;2374;1229;1120
699 461626 292;1747;2754;1423;176
45 217716 85
2351 657793 2398;24;1534;1711;1154
698 580118 83;13;800;1425
2705 607487 924;2962;1857
1691 365394 1053;832;714
2098 935219 1021
400 441458 2917;601;832;619;201
1614 148293 675;230;1402;497
2149 903924 302
2380 970728 1341;1809;213;2838;2789
2074 580146 1367
2086 660584 55;1839;1655;62
2734 708824 255;1196
21 292952 2657;1556;1;2370
2983 830162 1293;1101
2485 66369 899;569
127 633461 1896;339;2506
526 531772 728;2601;789
2628 513483 2660;210;2819
101 6212 567;2654;560
327 331003 1184;2924;875;2956
2762 48036 1862;2347;2860
586 31550 2871;2454
42 265499 22;62;4
272 689625 2004;2195;2621;2239;1513
208 161538 2919;1012;1242;990
1459 651183 422;1421;1415;724
2005 45443 1229;27;2792;2660
2630 955163 2439;1282;1487
1375 576728 1975;295;442;70
1209 296660 841;2603;685
2289 829675 2355
1906 822023 527;1520
1944 77808 2048;971;1238;1103
817 52023 1837;1660;1211
374 304315 1756;1306;2419;1369
1130 879479 1706;105;1322
1163 302765 1803;1705;2335;1729;160
984 79236 2680
2823 211467 1559;1356;1900;2220;2292
2461 944879 1598;1421
1634 887920 1654;2753;934;701;1187
2477 37492 1204;156;2151;935;2727
2244 724415 688
644 947337 1454;2353;1105;387;1418
1425 640232 2374;21;1141
530 742483 220;1464;1799;426;205
1501 473974 2766;2419;1581
1122 939065 1163;225;701;1514;924
153 871539 359
744 434524 105;538;2119;401
364 581272 287;2066;2366
1943 598825 2861;2656
2626 981285 2149
2418 387612 469;2223;62
1152 110284 2008;585;132;755;1907
269 613427 721
69 854646 1772;2891
1376 856499 582;510;2483;110
2359 577038 2321;168;1151;2600;2757
584 322089 2996
766 153156 1553;2968;434
1866 457375 2383;1135;2495;2008
439 229373 1042
2700 130216 528;1597;1694
277 293086 2220;1802
2833 738602 2997;729;1398;601;328
2393 587307 533
1608 147094 1833
1639 249254 834;2754;142;1737;537
2100 296308 1519;682;818
893 134864 1631;1427;859;2531
441 69337 2137;2240;1493;2279
1041 703270 2261;1583;328;1645
2744 965074 539
2066 386228 881;1204;2964;1192
835 844279 1943;1724;1741
1315 149739 2663;2483
632 926541 2175;2806;1302;145;2467
583 835885 2769
138 737068 12;2959;2794
1133 679398 1530;1001;2931;1959;1034
241 693109 1299;2707
2593 806346 1307;1084;1753;526;1057
1256 534538 760;1333;369
2070 764307 301
2234 440138 1050;397;2760;2795;1431
25 137921 29;2460;498;2373
370 754169 277;2771;2619
652 679895 2925;484
1637 747205 1193;98;299;1356;306
456 785773 1452;1871
614 51841 1400;2774;1779;247
882 736014 2778;239;902;2640
597 867252 2505;1174
2803 959439 2681
1308 316780 1227
1750 208275 2874;1109;2625;290;1623
2726 649733 1874;2080;2783
1246 255370 1751;282;1655;1964
359 942585 414;2371
1450 315807 2566;90;1703;1937
2866 922545 2120;2174;1193;215;1402
1434 911717 1583;1530;101;2440
1134 871539 1978;1762;1059;1282
1554 713389 845;1441;2992;1840
2655 512305 1316;2184;2212
172 695675 2331;903
1622 588869 2659;1706;311;852
2458 867636 1384;1902
1274 640998 2914
1220 127509 2153;2553;2124;2989;2981
736 848411 2563
1371 865248 2081;2372;37
2029 429329 2090;1165
1036 824256 2036;2187;2275
2361 729400 2328
1482 964214 1082;751;2935;2390;2005
2486 529234 1111;1689;118;1224;1817
1300 351097 358;552;2976
498 7270 51;1863;58
2781 206696 2830;1569;1608;2363
1154 161345 1139;1472;1257;2677
438 535258 1708;1541;2809;474;2898
1840 575737 1675;454;2515;932;155
1427 562285 34;1289;312;613;2886
2596 354585 824;1379;2885;2882;1142
557 605328 1410
1530 313297 999;372;2610;2246;2518
1795 76685 1064;2058;866
2258 196513 2854;2620
186 471205 1707;77;2994
282 590202 2370
1268 858366 2768;2956;647
2106 28630 1175;1387;324
934 369138 2241;843;300;2270
291 555569 2181;1647
784 90771 2311;1194
109 781577 681;285;2859
406 193945 1593;2580
273 350018 1158;1046
2238 242158 1128;666
1243 13571 2506;232;417;435;309
2913 996053 2085;2131;1883;1054;2800
292 54898 857;453
2809 248461 2234
1290 635299 2667;1619;2620;2362;2225
815 679243 617;2142;1016
1436 825631 2647;577;2859;2611;1261
1644 712832 800;261;306
1145 953948 486;2018
2599 566049 2354;1497;204;568;1566
132 450814 1953
3 354963 2040;606;2729
171 493331 2805
2949 82600 126;476
2786 251516 1214;1536
636 176516 1279;1004;674
2283 101028 256
2335 582791 1484;1090;1524
1571 139067 922
1261 256422 767;825
1569 636984 1919;73;2675
1069 495541 741
1079 60560 2729;1886;732;824;1348
2095 614641 2278;2406;1984
2497 74465 2547;322
1765 549695 1909;2609
2590 53461 1815;813
472 31930 2824;268;516;1770;1036
1194 79279 2717
1792 378189 1340;1537;641
2907 754771 2113;1459;46;1176
1408 751755 536;1101;1474;2655
1038 498900 774;1503;1617;2150;1143
1110 576426 858;204
2443 500493 195;1575
306 606883 2962;592;2260;368;973
2515 654649 76;328;2052
2247 681974 1999;1993;1535;1554
325 138338 557
1716 380039 2092;2569
2026 573663 2672;1859;1420;2500;1364
2352 312122 953;371;973
742 652658 2482
666 156912 2239;399;147
242 352935 538;1310;478;1723
1305 187758 2948
612 348163 1492;2981;500
2236 478723 2010;449;373
2295 301044 2853;1233;1833
1707 752914 2481;621;2967
338 1669 28;263;2550;1408;2123
485 400457 2072;1684
1682 204044 1122;2327;2399;1054;1973
989 364445 444;2110;1141
1508 120875 1141;1995;753
1735 125875 1582;2672;555;487;258
1344 438590 254;2668;450;1829
591 491874 2007
94 836294 252;1406
1781 802974 1217;2757;894;2461;10
2140 450180 1354;842
1009 987255 1148;1681
465 643548 2119;1451;263
1003 990147 1493
885 783050 1131
2482 575376 2226
1777 727392 1357;1660;2199
458 750871 1209;2018
924 30715 203;1719;1691;66
1449 67138 2275
2287 103413 201
1952 53078 889
2500 451829 2777;638;306;2567
624 323205 2239;2760
206 19810 1472;1003
1515 352992 1364;2680
807 194778 425;5
2173 142751 1367;1195;2087;2997;2766
2155 257923 1625;730;201
386 904091 2001;2265
286 759632 983;2134;1862;2513;1469
1925 666103 131
40 812375 1163;1016;2289;96;1782
2674 312833 2484;2361;1116
60 521274 661;1499
2055 241468 2707;178;2347
569 149794 1330;1760;461
2286 975508 170;537;547;1796
2880 703439 1448;17
2384 747345 1010;2026;1169;1543
23 419159 1924;1278;183;1379
1991 815568 2814;1650;1985;2148
1706 798362 440;227
2713 647996 152;1933;911;1452
2182 569816 438;167;2197;418
737 583011 1354
2045 805110 2193;2134;1717;818;1575
595 777812 1303;688
2012 682956 1846;2546;1583;2911;2925
1026 889021 1015;1124;788
711 667628 2582;1847;2069;1077
2673 287946 201;611;2820;2744
2459 395341 1515;2941
494 420024 1339;295
2376 347691 2738;870;1956;540;2566
1095 425331 1518
956 158573 2177;318
548 423869 1074
1351 209784 1159;2143;2563;1598;2629
729 571376 1356;873;609
717 44321 1779;2830
2319 927874 1096;2628;2944;2336
796 761793 1478;429;1445
1816 804314 888;898;1;12
2787 65455 2140;1334;1701;2932
930 250064 2924;1973;2646;681;855
2651 35583 2746;981;149;199;120
977 723691 583;2950
1368 205821 2498
1072 527540 2259;241;937;1066;482
2387 181742 579;102;58;1121;335
2109 931920 2405;2349;11;2820;1533
942 860487 2920;1643;2754
669 66345 708
78 806174 1784;429;665;182
2123 375911 1888;2002
2047 345705 1276;2461;2480;284
685 375368 1451;174
30 804558 757;2904;164;2653;1673
2489 128502 2779;2848;997
187 114352 895
1724 357760 250;1274
1440 84992 153;32;2955;1316
959 463819 2174;2694;179
2677 173355 1047;766;2204;1111
2263 204465 1855;2489;2321
1139 171903 1574
585 185280 2602
2529 155268 1843;1557;2766;1334;2413
2151 686086 1751;1925
2580 809655 2477;629;1094;1103
1868 132169 1816;808
1409 593508 1612;507;130;1124
183 98161 832;1949;762;180
427 84177 1198;1104;608
719 573383 1026;1596;76
1049 82653 709;1063;377
1573 610543 370;1215;538;2924
51 664948 1753;2276;943
1810 979237 2198;624;232;1421;1924
2675 912176 406;2960;1353;751
1726 325704 1824;283;330;1789
974 428483 828;1779;1808;1219
2940 680121 863;461;1056;1364
2635 586013 592;2707
2260 522371 642
1737 50034 1716;1974;27;1976;654
725 743137 2425
850 195711 206;921;1;2662
1143 909902 2438;1112;980;612;987
2704 754853 1087;410;930;1201;1145
1195 119396 1266;812;2329
74 478398 2813
2889 11333 1861;2201
1415 595907 2102;1499;2276;2815;335
1979 264820 1384;2154;1414;1691
1378 821398 611;319
2844 242394 2364;713;1811;1205
1661 178769 2239;2183;1937;1763;2379
2226 436696 1653;2057;2225;21
1767 313229 151;875;395;2974
1593 674925 451;2944;393;238;2480
7 559147 2925;2957;1264;1823
2222 899133 1529;1774
1678 205185 2887;694;331;2690;2395
2638 595917 550
491 173824 399;706;1698;1263
2699 766461 1207;777;2264
500 321002 514;1747;1670
2687 282035 1661
1575 378375 2319
2480 141854 1143;2831;1572;847;1058
254 792501 2411;692;1004;220
2518 972627 1017;557;2079;1440
852 229701 1654;2002;884
149 65710 417;2785
794 809590 273;1611;1252;2511;1914
205 363565 2104;1894;2379
1709 511141 443;394;2787;557
786 881235 118
856 600997 2221;308;2370;879
1564 827177 2426;999
2679 326739 762;454;2391;1727
1124 138143 2130;1294;786
1609 764754 1147;317;1457;868;223
1586 32852 1871;1968;2455
1566 430100 2109;912
2923 784425 2084
1254 681807 2872;1206
469 781509 2444
1778 26810 217;2264;192
598 608855 430;1002
2792 599197 619;22;1522;1272
2000 851242 1871;163;1093
1883 424864 2442;1605;1565;369;2949
133 703297 1685;1158;285;40
2358 691458 1244
2521 774769 1731;440
758 667978 168
112 435881 469;2018;1088;2383
2853 740104 1572;483;728
1647 4037 972
868 137286 490;1107
2722 880025 2848;1525
1348 840082 1352;730
2897 473236 1408
246 471747 1700;1191
983 140691 2998;914;1882
2300 701084 1173;2408
387 971155 1516;1263;2066;427;597
2268 497030 2789;2236;1165;1423
493 618144 456;1673
908 161988 334
2218 713423 2847;2255;2811
2894 322529 1196;499;2015
1343 7468 612
2059 233093 1878;2833;1430;801;870
2220 817452 283;1349;2681
1398 101430 1189;2484;2843;705;2020
1531 996701 244;64;2344;2613;1145
2064 216824 1941
2610 102901 246;1174
2857 54164 682;2130
67 985114 2626;2798;2687;616
1441 161850 884;2985;2995;303
2539 22110 1846;1246;2989;2473;2976
1233 673109 2597;2305;1941
1879 67480 1592;358;595;2874;1792
2595 782910 404;463;17
448 224719 2178;953
2465 222029 2892;198;1054
1430 749799 187;2750;2153;1719;1674
1809 364438 2252;2030;2900;1308
2788 103248 1536;1999;1169;2732
423 211767 314
2876 859084 1814;2528;2121
1922 259474 1779;2699;689;2506
468 221468 818;1586
1984 216650 2382;575;2484;281
221 97746 2347;2014
2169 481863 11;2692;1222
2050 971150 2350;2852;2658;2186
895 179295 560;2734;152
139 6679 1983;410
2660 721266 2254;153;874;2732;1850
1819 369121 1949;1982;2919;242
2904 210713 1647;592;2660;937;2257
2533 577366 2438;1022;2615;1752
2685 933960 1522;693;705;2719
2291 213249 1755;1641;2111
1309 727402 2206;2869
1442 516956 327;872
1485 316320 2213;1790
514 808063 1920;2814;734;1298;227
1444 405475 1460;2953;2600
416 754693 2427;2943;2890;1541;1228
1100 949893 546;175;500;1439
1719 829842 21
1798 48608 2866;626;1576;838
1215 239386 971;1835;1366;1531
1842 269887 1257;2930;1661;746
2187 752619 1054;2238;1528;2544;54
604 736854 1496
1793 934770 2530
890 180922 2159;1298
93 349925 1839;2168;2708
2235 216162 1485;2981;1052
762 443592 781;236
2156 120114 905;2116;1465;1134
2180 379777 31;1694;2516;2867;1146
843 625965 2720;2972;502;1555;415
2831 522712 1018;847
2181 408531 1008;2841
2116 284567 2702;333;2537;1210
264 354617 2008;631;2579
492 757069 1068;791;2217
1005 838344 2051;2742;2890
2690 844829 1323;320
253 240006 477;486;495;2695
2972 796202 1703;630;1555;2969
2729 715529 2038;1032;2563;2173
2544 121593 2847;939;2190
1260 973551 1212;2806;1198
1022 430245 1461
2550 167222 1292;56;471;27
2164 576614 1846;2626
2304 740197 2401;1871
2437 939725 2055;2865
611 217915 2347
651 796064 2760;2669
911 305275 1658
696 371594 562;1138;2080;790
1790 541769 770;35;2104
92 84827 778;1746;2115;1944
1910 711612 1659;1882;317
2846 786473 572;1565;122;1465
2353 391786 1963;148;1628;735
2204 976144 310;2151;2155;2145;2497
1486 418510 1759;1495;931;2622
1894 244173 2288;706
1161 248129 790
1297 783269 2474;1601;2186
307 81407 1087;939;1343;407
249 742033 527;818;1459
588 41016 1079;1184;2517;1203
1312 395080 1964;1207
284 679576 1440;2696;1085
2403 190405 2923;4
1552 389972 2647;1573;2205
1359 426544 1436
1403 723777 2021;2910;504;2948;1202
2922 482282 1212;2525
61 909500 771;47;1251
2810 156868 2755;1692
1516 655005 1865;249;2413;1396
1070 765452 1913;819;1759
715 782746 1271;2298;1220;1594;1465
2408 915717 2086;1685;2680
2165 928743 207;1289
1817 877409 2527;19
2526 585684 651;1267;913
2997 595210 2199;2076;1443;648;44
994 116867 228;2977;2575
1667 541779 1127;2425;2502
1627 488014 1115;2609;2855;2870;1531
2661 719884 1344;320;2997;2914
5 905675 325;85;2936;2889;1515
2111 137311 244;2965
1170 352416 43
230 341583 68;2679;777;2732;2412
1281 498271 1105;2697;877;1545
281 33801 2216
516 355373 1408;1517;729
2406 765185 481;1164;2788;1666;712
2153 644096 832;2687;417;2446
1623 415696 2028;956;2307
2368 850667 1577
1228 995310 1664;2930
1047 230111 49;1998;2637;1263
239 197035 1586;2732;1263
1974 702219 2593;17
837 623123 2733;2682;85;666;2420
823 434100 753
2507 423803 329
1936 86895 339;1363
2649 882718 183;197;1712;298;2
772 12223 1840;1913;2627
1258 3632 724;2576;2346;2644
1088 298647 2207;1126;1831;2677;1674
2051 527310 2954;774;600;710;2484
2883 485563 1292;370;659;1625
904 407408 2292;2625;800;655
82 333967 465;1961
2576 708761 1377;2227;1131;2021
521 861283 451;223
2622 890212 1893;451;2097;1639
1310 402834 305;1533;457
1204 579409 2087
2914 614356 2699;1481;2099
683 68765 1957;808;589;2882;2098
539 856955 2639;301;1698
714 737774 776;239
2942 727088 2457;1668;876;676
2682 229477 1042;166;1959;1152;546
1914 711881 1673;117;912;1755
1708 574045 2677;1353;2558;412;1664
501 756911 740;1010;450;2903
600 236171 544;555;1942;788
1526 420073 2632
1703 339653 274;2105
2658 860771 299;2211;703
2723 384085 1539;1121
1123 46888 1247;2407
987 616963 554;1259;348;454;2568
256 692931 2118;1663;457;1372;651
1607 41783 796;293;403
1059 538653 1926;1501;2293;2000
1453 521184 1790;387;886
2671 582730 1963
212 89770 103;695;1520;840
2921 597937 2170;1696;1220
478 108871 944
1071 681046 1636;211
664 327222 1954
753 553210 2709;1876;205;2927;1507
301 920724 277
2514 274969 1870;1644;142;443;1690
1322 666677 1172;1074;1347
1803 772521 319;676;1666;2720;2580
1517 255717 2961;1324;60
2551 203794 1133
1635 169929 2921;1684;2322;727
1528 441822 984;2544;893;897;1336
20 814000 8;1950;1957;629
2271 885533 1826;2722
745 94828 2613;1188;496;2778;1290
2697 658812 80;1546;1404;271;2425
1881 401744 2431;1521;1109;1484;892
86 305022 1951
705 59877 396;2385;2744;1523
2798 974068 94;2167
2083 325499 2816;2479;1810;255;834
1729 478597 686;1241
2975 208434 1581;656;2139;1462;2770
508 747539 319;21;1222
1400 450797 2507
2568 11000 2201
1969 551726 390;993;2533;1997
2669 164658 797;923;2030
46 851353 2826;1196;348;710
1551 326986 1911;6
1563 436015 32
384 549881 303;46;2909;588
2069 13575 1537;1649;1290;870
1595 240481 1130
1032 409672 2565;711;2750
350 479540 806;2277;511
2444 513282 571;1891
1832 7601 236;2528;722
512 955563 2351;2472;869
2466 40517 1001;1101;579
2581 554532 159
1589 370834 2504;849;934;439;2655
1463 161104 2302;681
2112 966547 920;2147
2710 934864 2256;2891;172;1024
156 19908 765;1743;2994;1587;1218
2281 709868 2364
948 261330 2170;2200;2058;666
1318 342055 1051;1347;2701;933
2158 71583 2395;1770;1053;1652;2327
2575 320363 1081
2927 347276 660;2199
601 476274 1100
1275 232350 2670;96;1972;596
2557 41632 1343;171;367;298
907 843417 1342;59;409;380
353 13457 2819;562;2472
2999 518430 2374;744;507
195 633720 339;2379;1472
463 531932 957;2955;1677
207 276593 925
1962 499905 257;1191
2382 803461 1582;2158;2021
2224 340512 1415;233;972
260 890184 809
119 511088 899;414;2349;50;2252
1557 429001 2700;2044;1531;1117
2129 253777 1554
1584 713853 160;841;2894;799
2270 252131 1980;2168;1750;1740;1878
647 76462 2796
2198 101639 1222;2901;395
59 271408 2909;2591;2639
106 471175 803
827 56208 1891;2924;1043;848
247 604733 129;2960;1135;2406;1558
450 229908 236;1211;703;779
1325 833998 860;1792
257 181590 984;1205;1708;629;2066
1649 38455 1737;2634
2018 312178 2140;2598;841;1535
111 316348 260;433
809 251341 1991;1283
1182 500833 1535;338;1081
134 27622 1145;340;1232;296;2221
2241 650425 2718;1828;1907;1118;2353
2839 807321 190;2378;422;187;87
2951 944481 1172;660;2542;871;2358
951 607053 2565;2238;1821;583
389 795801 2918
1997 726064 499;931;991;1289;1936
38 422602 2714;402;1053;1032
829 721685 2439;2771
44 887182 2912;2501
63 464056 1523;1140;2879;1486;452
581 223295 604;1390;2755
1125 974492 2458;1144
580 946207 1717;397;485
1605 96640 614;1156;1488;2385;125
271 702723 1739;2687;931
550 415035 2224;317
985 959527 1281;789
2432 942477 851;2912;2356;2092
2602 819240 558;229;272
1321 212859 2330;105;193;2210
1542 579153 1160;803;288;256;2795
1843 806622 566;1963;1410;60
390 569129 2739;1085;1931;2676;1905
1538 160313 1687;2044;608
732 654247 1960;2270;2735
1165 814479 852;446;211
295 699509 969
2348 446234 1410;168
980 353851 2630
563 472371 2261;1745
2958 799022 1887;1865;2340
1847 589192 119;36;2102;815;1276
2009 210855 2374;2995;374;127;54
2566 389422 1957
1628 296377 342;1622
2027 772714 2462;1029;1574
1846 871044 561;2353;2076;2872;767
1377 41874 1425;888
541 717178 2359
2873 834658 2420;2709;958;54
2370 829717 1785;1123
1759 477438 2089;1302;1026;2238
2805 618424 2705;2267;1210;270
2154 224616 403;2315
2177 314879 1673;1993;1810
91 879078 2767
107 724561 968;2353;57;2875
1279 603467 624;2773;793;55
213 736466 570;61
819 799503 2824;1931;2120;1862
2416 866234 318;515;356
1237 479587 540;2401;1455;1027;1914
2337 649485 359;1024;1051
2206 694700 500;1592
126 182185 1163;2507
1380 171828 2791;2482;2283
1859 414013 352
2474 11799 2258;2249;2851;910;2246
2023 838222 1873;601;401;1684
189 710871 1119;2276;465;1363
2689 403214 2799
522 115207 1194
160 934939 562;1362;2671;123;1979
1704 539035 889;1975;219
403 385573 2146;2153;2333;2659
1676 455284 2216
329 376062 1014
1579 405422 2973;1119;2436;2800
235 212229 1178
2028 518464 828;985
323 297260 1222;1087;1738
1543 249778 851;1181;2301;520;2107
1355 81235 946;736;1475;2516;1436
928 699722 1885
1773 361490 2901;2978;1125
1213 33670 817;96;616;79
1697 834534 1171
2249 470609 1478;263;2633;392
2190 395694 892;1582;2599
2221 782975 429;2518;2104;1094
2706 844884 226;609;1273
1067 301242 2545;2633;1819
2467 666772 1265;767
2582 379327 1884
2709 212170 2515;1561;2667;1963;1032
2783 902483 2917;1177;2475;823;84
1849 231076 1160;2227;1011
750 757218 2945
1994 345829 2693
1695 216201 1183;2530
2483 994501 210
2775 487733 2772;1469;1637;1126
1783 473649 350;2235;2753;774;379
429 687385 2381;2069;1548
1645 498245 2199
812 572337 973;588
2756 546723 1342;232;1816;2240
179 497972 1066
2755 103905 469;1658;2579;1041;2683
1659 484515 1467
2254 921154 2291;198;1518
2665 183905 2286;2632
41 317414 1202;1625;385;813
2428 941381 1039
517 22411 2626;2439
1980 729834 1266
1294 81213 205;2647
2426 601347 1605;267;217;273;1714
2133 270807 1476;1149
2828 447466 1620;206
378 463620 1567
2128 644573 847;1919
2738 11890 1164;181
889 749769 862;1233;853;2214;2626
2861 615862 1653;2061
2130 449098 417;996
2527 807244 2590;1117;1626
476 928005 2519
1499 937706 1612;2672;912
1568 149316 449
1197 575103 1437;390;1470;2577
2971 218226 1193
2037 651210 873
1731 957678 1604
1201 159987 2743;833;1817
2693 388171 1306;1288;2715;2684
2994 670983 268;411;2200;1238;2771
1480 580063 2549;315;2543;1778;505
525 853938 2580;1001
1577 800789 398
99 817290 1561
1423 527697 1299
2832 216543 1271
1369 230530 955;1848;467;2194
1700 739983 2979;2884
547 156714 643;1585
2887 148027 768;2028;1594;2449;1683
1251 936414 295;2106;2561;3
2941 753713 96;1427
2253 648707 345;1670
351 154424 1864;1243;369;1402
2305 80937 6
1004 68822 2144;1043;1128;1987;1041
248 658573 2496;1764;1709;2759
875 658128 2184;1016
2338 312151 1014;1567;1280
765 216160 164;665
486 661401 1851;512
1020 684853 2601;171;1554
1393 323884 290;341;1502;1600
847 273016 1704;1470;439;1462
1066 825658 2382;1185
1218 127989 1712
312 273495 1232;2362
957 637461 1786;1341;1632;826
1617 646494 409;2602
2446 649590 1539;1592;1755
1422 319395 1403;361;1390
1007 947861 2514;2088;2197;1414
1640 413401 1872;1338;867;1911;1183
1241 921019 1686;415;22;1058;2515
1518 552348 2227;1266;595
937 599866 1833;2517;308;531;2566
178 80085 669;150;2988;2627;1392
2085 905888 2062;1182;260
2193 300892 110
1664 780638 1166
1713 519438 1037;2208
1761 954889 1770
902 943480 1715
609 791164 412;457;43;611;686
2893 588898 2760;2457;806;132
2049 909672 1007;2287
1512 116698 2993
1012 43947 855;1289
2691 276211 1321
1581 339765 2249;1259
1299 980876 1067;997;263;518
2322 171174 463;1192;2915;803
2804 136187 54;51
2657 378979 631;2773
1567 668029 2616;90;1048;899;292
900 160289 1791;547;191;1496
1429 125745 693
2830 282026 489;1187;345;2657
1885 553857 2195;2157;2006;2633;1344
1484 829837 2910;1717;2156;2336
294 668165 1378
2895 240193 724;308
2107 277235 466;1246;2623;2600;1678
479 552261 697;2474;932
236 416121 2150;2120;447;837
661 957007 324
1687 253605 1472;1478
2597 654554 678;1300;1939;1229;1501
2664 876612 1997;2328
2310 183565 898
2118 357541 1249;1534;1486
2754 766921 1784;2522;1732
1535 423190 2774;156;744;2097;763
1475 565047 2092;1708;1046;970;515
2372 10755 910;880;1119
100 286098 2815;1748;1952;1343
838 863485 1119;976;1643
2920 799195 1221;795;1815
999 174115 699
1238 180839 2854;800;1702;1622;1173
1313 32096 1124;2127;2046
954 608649 193;148;2609;2149
2537 738608 1596
1457 351918 2665
2993 841962 556
2936 979871 5;2124;465;1671;2298
1604 801163 1567
2708 151336 1045;338;727;998
1151 130351 1706;1961
1230 615783 1236;679;2668;11;1142
1342 694942 1334;1943;2955;2508;1859
1674 770528 296;1954
2269 680838 2687;287;1150;1727;468
2449 739212 1396;743;278;2101;2610
2859 529213 729
936 897724 1289;2098;2852;10;792
783 567742 2448;1669;440;689
2171 625556 2779
2081 874935 2137;814;940
855 731379 767;108;308
2196 864859 2701
1641 605246 947;53;2608;2436;775
2955 700302 2812;1423;1087
245 354708 1387;2820
259 657503 1784;1962;2620
2714 176279 942;175;2808;1944
540 496528 1236
2292 198639 575;1419;445;2266;2991
1185 415842 2011;1119
124 805419 50;91;696;1902;1432
1733 342729 1213;77;1742;866
1272 306045 1218
401 212081 351;1492;1621;123
1302 105984 799;1013
480 680073 1075
2332 743227 1665;1824
176 742463 845;1548;1858;557
2041 802745 1369
2386 379065 2535;479;1933;2899
2961 942519 656;152
1353 622560 2939
667 890754 2294;2672;2089
37 921368 82;1986;877;1927
1763 272323 2008;2584
1688 290012 1487;2384;2211;406
2423 180522 1618
2821 51727 1101;2120;1148;460;1917
630 826019 348;749
2356 355431 852
1561 235164 2053
414 16281 2645;1937;1474;2472;2567
22 908797 1795;1862;1162;2594
552 161294 285;2687;1426;1975
1838 453980 1068;2484;2986
421 871952 2619;1788;363;39
1111 436482 2791
2752 834792 152
1878 455091 333;1870;2426;2030
1061 893379 588;2178;2552;1190
1665 367486 1812
844 115308 2754;2457;206
1060 105847 452
144 344478 2685;2742;2819
381 498392 1281;929
417 789820 1956
785 736081 2379;581;869;839;210
2141 511252 344;1706;2606;2881;2531
2148 261929 2398
339 875480 1224;1988
2230 812592 2827;2071;1624;416;78
1800 175873 1905;2843;1174
2282 487077 2470;30;2098
2969 732129 160
701 429175 1358;1585;680;635;2878
1826 187926 603;793;658;2487
1057 913038 933;2309;2635;2544;2303
1945 874980 2694
1029 760370 2079;527;2195;68;1238
1105 39788 1214;332;1854
673 808003 1245;1194;2100
1332 731193 1709;1597
2886 625868 802;25;1064
2175 282484 1590;692
1594 182628 2588;1386;1739;1998;688
2024 791388 2312;2528;1534;1380
2619 737662 609;1033;2557;843
2174 253737 556;1960
2015 797223 462;2186
861 4759 58;1857;1219
2272 648998 694;2032
1333 502272 1747
65 220559 2872;2724;2948;276;2582
2388 619874 472
303 163910 2955
2 245853 2931;1496;1084;1370
2060 603403 1480
2820 176487 2302;2952;758;1128
1895 99536 444;734;1309
2157 501224 2965;2100
452 513037 1585;1742;2005;1434;2402
1841 638785 961;952;2138;1389
2574 714333 2610;1009
1336 148683 2587;420;1937;823
2727 899584 2801;1566;2599
1862 84552 2291
3000 609439 469;2341
1834 873838 1918;2205;2460;2890
1923 288313 2324;2327;1056;2692
2342 176840 1126;1131;2229;1644;2216
18 184336 1028;2520;854;965;1741
1149 346839 2616
831 268935 2973;1496;2620;1401;594
2125 566361 2568
860 506680 1709;737;2657
1183 673439 2110;1031;2405;1263;121
1421 185570 249
791 285702 1990;2713;1334;2078;2163
961 164379 1477;2316;2179;1351;6
1848 500786 1159;67;468;1097
658 565008 1515;205
2753 820318 2627;2490
136 413467 425;2716;2778
641 605345 388;2580;1392;190
234 205993 2357;2033;147;334
2646 539797 1608;1701
1987 266323 361;2041;1242;2956
1357 143491 1056
1086 184157 741;527
2860 56295 1794
64 348596 2235
1090 811586 1768;1207;2888;249;285
1240 715932 2562;2965;2829
231 570494 2226;1472;2833;1547;2896
866 404135 1486;313;940
315 389227 1537;1690;830;2353;2099
1381 446050 1395;1189;218;2227
1833 368007 2892;211;1160;1830
75 906410 830
2097 447236 2059;1994;2607
734 542815 2681;2547;2390;566
199 978803 1146;71;2012
1555 172136 1773;1624;996
920 653169 1502;18;1855;731;296
1909 631079 317;943;2423;2060;376
83 292973 340
887 157437 1827;2899;322
1269 213883 2223;1049
222 136695 2107;421
507 948143 2977;2745;89;2764
274 301429 1268;463
1887 635414 692;1470;2350;1992;2153
392 435686 339
2850 799988 972;1718;1232
1265 603727 2194;627;278
845 318754 2873;2353
2003 664129 882;2932
1247 223004 641;2566
2600 855449 1654;2863;976;923
2667 71192 1938;2672
2817 50528 113;699;2133;487
804 633075 2491;226;1321;1185
211 382496 2499;2868
679 934179 2221;1974
1456 489126 1738;774;16;650
1764 848335 208;1089
2633 369072 2159
1039 73199 1373;2356;2588
1169 967742 173;2665
1137 195473 2376
968 955309 1149;446;1621;1267;1018
2954 307412 2656;2481
759 499972 2445;12;1666;2839;415
891 719279 958;1205;1813;1896;537
240 128206 195;1032;570;2916
393 392929 1331;96;1774
1035 275488 2104;1113;767;2937
898 327236 1616;1289;1692
1402 286091 767;2454;78
1000 970313 2946;2937
978 170208 264;1094;2242;2663;882
1954 350083 1644;1423;2856;187
639 226399 1714
724 88539 1251
2946 685254 2490;1346
2585 20377 1382;2617;2837;834
396 615981 2025
1797 910785 1294;2984
1219 158077 776;1539;1915;1948;764
2842 857407 632;1246;1336;732;254
1262 855490 363
1417 268825 2861;332;2394;1672
1597 17934 1945
1013 621896 1629;31;791;2392
1361 341152 1197;2918;2981;1162;1357
773 658007 993;412
1347 426236 1728;1473;2833;1544;1241
1668 687095 1998;1152;1321;1909
371 381001 1604;2127;2712;402;2098
1912 872847 2697;1908;2758;1732
1178 268100 154;507;621
453 75467 2774
1913 652244 1344;2983;1963;968
2472 845260 2856;1664;2917;1285;2634
1648 149386 2036
1064 82949 455;2476;1356;627;606
998 247091 981;688;971
2799 314738 817;1773
2896 821074 2733
619 639105 242;1477;1094;1122;589
2323 504978 141;571
394 683775 1636;1394;2257;2504
2094 292359 2408;2152;2211;843;1437
1861 788074 229;2870;2539;2585;1398
653 507529 198;1548;1083
1263 767760 215;1426;1983
1629 235398 2118;694;2757;2839
603 812974 1481;2764;2795;1223;535
2797 709265 1614;2975;1007;1835;387
334 233756 235;2442;1907
2448 628286 1941;2199
2918 778099 390
2369 408204 1819
1341 636238 1829;2983
2968 442102 39;2227
2915 467703 446;1742;2016;555;1807
1574 935127 235;100;2632
727 241651 2130
191 548194 2109;1886
2414 650643 2649;2958
1672 973166 2648;2018
2931 929787 292;507
1476 727852 2757;2767;1691;2134
899 641854 2030;1530;978;2352
424 576922 2353
218 899192 2134;635;573
2061 197148 2389;2646
1565 757130 2650;1302
1397 823992 1670;645;483;1083;2206
1932 934801 1371;2417
192 18735 1289;2001;1120;1869;662
532 35450 923;2430
2560 403077 451
1208 157826 2455;1798;2354
2453 2120 500;146;1666;2520;2988
2964 396710 1470
638 891326 2117;390;2898;994
2058 22635 240;2934;1219;2741;27
1346 722846 2890
2735 824474 452;1779;966
906 792653 941;2496
2162 528985 213;446;1878;2304;15
1626 474294 1388;1067;339;2036;1997
225 852764 2195;751;2113;2709;2808
2417 786240 2362;1603
314 774090 2316;238
2967 275749 4;205;2291
428 423054 786
1478 635530 1877;1902
2184 622937 983;624
2900 226358 1943;2052;2880;2393;2566
606 330955 506;269;1066
1739 515272 1981;765;808;275;1241
446 36068 327;1189
1386 33269 841;2603;869;346
1855 41865 2450;1655;535;153
345 165737 968;2335
2970 274695 2367;1285
420 773198 2027;2466;1946;698
2135 384493 174;835;445;2485
1394 350222 986
2259 126924 53;206;1287;2460;2699
1671 545963 299;2337;493
1880 57784 441;2759;660
905 127608 2783;1382
2280 847741 962
2243 2604 2004;2375;1345
1828 513943 498;2393;1314;2872
203 781909 1783;1256;1148;2327
1075 205465 1791;1478;1766;2940
2519 520934 1120;1583
939 774682 2004;1298;1819;974;240
577 679623 2038;1347
763 24405 36;1316;2204;1485;1993
1483 659991 110;161;2090
1553 767001 915;2345;2450
1383 36992 901;1466;1160;2631
1902 13375 94;2707
1901 80224 2190;2608;2278;2254
2712 973435 2339;1211
2048 335494 204;2173;1898;780
1388 155603 2011;2465;214
2890 523327 2661;2219;431;1905;103
1326 549813 1757
2601 764221 1203;1832;505;447;2542
1045 203646 1193
181 934208 1990;2018;1234;952
777 805097 802;426;2765;2210
385 16617 1856;2147
1504 886489 1748;2509;882;2709
